node lable
0 1
205 1
564 1
1184 1
1742 1
1886 1
2774 1
3182 1
3544 1
3671 1
4356 1
4466 1
5025 1
5251 1
6278 1
6395 1
7280 1
7680 1
7820 1
8144 1
8329 1
8620 1
9337 1
9431 1
9520 1
10028 1
10770 1
11311 1
11788 1
12001 1
12406 1
12647 1
13130 1
13235 1
13236 1
13551 1
13816 1
13934 1
14782 1
14880 1
15141 1
15223 1
15316 1
15433 1
15539 1
15550 1
15656 1
16327 1
16402 1
16643 1
16813 1
17204 1
17397 1
17614 1
19346 1
19772 1
20321 1
20438 1
20614 1
21265 1
21389 1
21801 1
21927 1
22577 1
22830 1
23236 1
23341 1
23345 1
23748 1
24317 1
24463 1
24743 1
25488 1
26655 1
26882 1
27561 0
27855 1
28460 1
28654 1
28757 1
28796 1
29572 1
30162 1
30456 1
31131 1
31246 1
31500 1
31590 1
31801 1
31942 1
32126 1
32500 1
33279 1
33412 1
33497 1
33708 1
33796 1
34409 1
34669 1
35024 1
35678 1
35682 1
36005 1
36106 1
36205 1
36400 1
36518 1
36866 1
36986 1
37268 1
38157 1
38363 1
38398 1
38470 0
38527 1
38634 1
39404 1
39642 1
39777 1
39988 1
41376 1
41410 1
41670 1
41818 1
42087 1
42273 1
42538 1
42820 1
43045 1
43355 1
44443 1
44676 1
45053 1
45496 1
45577 1
45675 1
45807 1
45906 1
45964 1
46170 1
46893 1
47030 1
48253 0
48277 1
48477 1
48819 1
49681 1
50248 1
50572 1
50683 1
51029 1
51509 1
51975 1
52240 1
53448 1
53587 1
53703 1
54126 1
54462 1
54775 1
55118 1
55330 1
55481 1
56250 1
57315 1
57705 1
57965 1
58323 1
58850 1
59092 1
59093 1
59341 1
59500 1
59620 1
59810 1
60389 1
60934 1
61651 1
62314 0
62554 1
62884 1
63410 1
63543 1
63813 1
63934 1
65358 1
65558 1
65709 1
65838 1
66009 1
66010 1
66299 1
66505 1
66741 1
66961 1
67152 1
67211 1
67465 1
67652 1
68730 1
68967 1
70013 1
70469 1
70984 1
72063 1
72103 1
72347 1
73508 1
73712 1
73897 1
73948 1
74689 1
74915 1
75125 1
75425 1
75954 1
75958 1
76208 1
76566 1
76782 1
77273 1
78081 1
78769 1
79025 1
79203 1
79793 1
79912 1
80144 1
80572 1
80868 1
80958 1
81016 1
81409 1
81741 1
82627 1
82838 1
83216 1
84681 1
85431 1
85567 1
85660 1
86023 1
86280 1
86420 1
86511 1
86877 1
87120 1
87491 1
87604 1
87771 1
88095 1
88182 1
89168 1
89280 1
89662 1
90178 1
90272 1
90595 1
91051 1
91324 1
91524 1
92317 1
92769 1
93571 1
93845 1
93884 1
95042 1
95463 1
95559 1
96184 1
96337 1
96448 1
96770 1
97047 1
97921 1
97993 1
98083 1
99077 1
99271 1
99576 1
100306 1
101072 1
102417 1
103330 1
104417 1
104938 1
104983 1
105360 1
105567 1
106015 1
106200 1
107217 1
107300 1
107533 1
107639 1
108127 1
108267 1
108718 1
109269 1
110367 1
111356 1
112575 1
112934 1
113541 1
114714 0
114794 1
114896 1
115773 1
115882 1
116209 1
116838 1
116992 1
117195 1
117833 1
118110 1
119787 1
119968 1
120695 1
121122 1
121297 1
122200 1
122514 1
123075 1
123419 1
124259 0
124452 1
124536 1
125227 1
125690 1
125811 1
125919 1
126179 1
126578 1
126866 1
127017 1
127207 1
127294 1
127656 1
127949 1
128043 1
128412 1
129371 1
129682 1
130116 1
130502 1
130639 1
130704 1
131033 1
131312 1
131716 1
131884 1
132055 1
132146 1
132346 1
132819 1
132939 1
133016 1
133323 1
133380 1
133607 1
133730 1
135308 1
135415 1
135460 1
135965 1
136692 1
137584 1
138252 1
138970 1
139172 1
139389 1
139696 1
139854 1
140159 1
140291 1
140585 1
140697 1
141757 1
141869 1
142171 1
142319 1
142929 1
143579 1
144171 1
144774 1
145129 1
145371 1
145455 1
145874 1
146021 1
147058 1
147529 1
147646 1
149652 1
149754 1
149814 1
149832 1
149932 1
150220 1
150441 1
150726 1
151164 1
152177 1
152441 1
152758 1
152773 1
153022 1
153145 1
154171 1
154314 1
154692 1
154954 1
155395 1
155937 1
156186 1
156894 1
157027 1
157222 1
157408 1
157577 1
157769 1
158129 1
158244 1
158398 1
158771 1
159236 1
159721 1
159768 1
159869 1
160250 1
160381 1
160764 1
161910 1
162198 1
162321 1
162509 1
163183 1
163365 1
163710 1
164601 1
164709 1
164799 1
165114 1
165629 1
165822 1
165966 1
166207 1
166335 1
166491 1
167081 1
167449 1
167590 1
168263 1
168671 1
168705 1
169424 1
169893 1
170048 1
170071 1
170923 1
171229 1
171952 1
172545 1
172750 1
173056 1
173211 1
173346 1
174459 1
175575 1
176122 1
176959 1
178020 1
178049 1
178633 1
178776 1
179084 1
179202 1
179361 1
179445 1
179708 0
179815 1
180082 1
180441 1
180721 1
180922 1
181883 1
182492 1
182977 1
183193 1
183363 1
183517 1
184174 1
184299 1
186478 1
187363 1
188608 1
189065 1
189088 1
190549 1
191798 1
193595 1
193946 1
194323 1
194972 1
195500 1
195647 1
196222 1
196928 1
197202 1
198234 1
198655 1
198839 1
198962 1
199094 1
199243 1
199459 1
199611 1
199722 1
202072 1
203625 1
204005 1
204812 1
205988 1
206221 1
206330 1
207158 1
207472 1
209002 1
209169 1
209192 1
210905 1
211137 1
212745 1
212900 1
213201 1
213292 1
213386 1
213572 1
213965 1
214284 1
214456 1
214639 1
214737 1
214755 1
215012 1
215337 1
215758 1
216042 1
216299 1
217075 1
217472 1
217592 0
217693 1
217894 1
218510 1
218590 1
218768 1
218861 1
219017 1
219351 1
221263 1
221404 1
221896 1
222020 1
222613 1
222783 1
223487 1
224012 1
224414 1
224650 1
225372 1
226075 1
226917 1
227019 1
227092 1
228213 1
228644 1
229186 1
229275 1
229444 1
229764 1
229806 1
230330 1
230526 1
230650 1
231396 1
232189 1
233164 1
234620 1
234812 1
235511 1
236093 1
236277 1
236918 1
237907 1
238182 1
238984 1
239074 1
239358 1
239784 1
240767 1
241426 1
241988 1
243435 1
245254 1
245863 1
246514 1
246595 1
246852 1
247042 1
247197 1
247416 1
247542 1
248115 1
248712 1
248946 1
249300 1
250060 1
250415 1
250752 1
250960 1
251017 1
251033 1
251258 1
251703 1
251802 1
251902 1
252109 1
252225 1
252612 1
253000 1
253082 1
254053 1
254118 1
254544 1
255151 1
255858 1
255980 1
256701 1
257783 1
257856 1
257988 1
258082 1
258380 1
259202 1
259625 1
259965 1
260421 1
261936 1
262036 1
262159 1
262590 0
264159 1
264322 1
264559 1
264923 1
265546 1
265671 1
265989 1
266209 1
266339 1
266447 1
266570 1
266665 1
267402 1
267494 1
267570 1
268915 1
268999 1
269142 1
269244 1
269829 1
272119 1
272736 1
272852 1
274489 1
274690 1
275012 1
275228 1
275376 1
275887 1
277480 1
278038 1
278520 1
279073 1
280389 1
280840 1
281342 1
283104 1
283824 1
284488 1
286224 1
286398 1
286800 1
287819 1
288457 0
289264 1
290011 1
290375 1
290893 1
291633 1
291862 1
293735 1
293854 1
293948 1
295045 1
295584 1
296986 1
297654 1
297796 1
298028 1
298390 1
298510 1
298601 1
299361 1
299588 1
299689 1
300094 1
300576 1
300737 1
301904 1
302074 1
302693 1
304129 1
304742 1
304938 1
305532 1
305967 1
306136 1
306250 1
306605 1
306830 1
307669 1
308746 0
310541 1
310674 1
311336 1
311718 1
312663 1
313525 1
314244 1
314633 1
315022 1
315210 1
316135 1
316530 1
316662 1
316764 1
317201 1
317431 1
318239 0
318849 1
319169 1
319596 1
319998 1
320106 1
320466 1
320982 1
321450 1
321687 1
322264 1
322387 1
322729 1
323045 1
323693 1
324128 1
324790 1
325911 1
326482 1
326983 1
327337 1
327445 1
327808 1
327982 1
328110 1
328217 1
328305 1
328575 1
329025 1
329569 1
329640 1
330113 1
332963 1
333513 1
334273 1
334620 1
336427 1
337036 1
337345 1
338372 1
338829 1
339037 1
339445 1
339720 1
341051 1
341094 1
341260 1
341829 1
342229 1
343019 1
343271 1
343325 1
343430 1
343576 1
344787 1
344913 1
345327 1
345938 1
346814 1
347702 1
347950 1
348688 1
349103 1
349165 0
349726 1
349829 1
349866 1
350772 1
351410 1
351834 1
352170 1
352441 1
353039 1
353709 1
354315 1
354454 1
354671 1
354831 1
355409 1
358066 1
359429 1
359520 1
361428 1
361941 1
362300 1
362521 1
363383 1
363601 1
365513 1
365670 1
366556 1
367391 1
368146 1
368862 1
369028 1
369425 1
369571 1
369704 1
369961 1
370316 1
370586 1
371433 1
372137 1
372810 1
372931 1
373026 1
373322 1
373562 1
373661 1
373976 1
374182 1
375491 1
375631 1
375855 1
375966 1
376054 1
376392 1
376712 1
377283 1
377873 1
378357 1
378572 1
380224 1
382463 1
383048 1
383465 1
383553 1
384547 1
384695 1
384950 1
385096 1
385242 1
386589 1
387677 1
387898 1
387941 1
389039 1
389987 1
390274 1
390393 1
390525 1
390615 1
391468 1
391765 1
391916 1
393646 1
394348 1
394713 1
394784 1
395149 1
395446 1
395534 1
395829 1
396090 1
396520 1
397267 1
397421 1
397674 1
398182 1
398282 1
398731 1
398892 1
399082 1
400320 1
400852 1
401224 1
402264 1
402353 1
403575 0
405109 1
406170 1
406288 1
406546 1
407187 1
407380 1
407543 1
408530 1
409558 0
410485 0
410680 0
412302 0
415050 0
415233 0
417209 0
418179 0
418675 0
418958 0
420120 0
420975 0
421734 0
421890 0
422645 0
423626 0
425620 0
426379 0
428013 0
428127 0
430226 0
431031 0
431851 0
433121 0
437452 0
440011 0
441897 0
442299 0
443029 0
445500 0
446931 0
447131 0
448059 0
448306 0
456871 0
458913 0
460094 0
460489 0
461556 0
463868 0
464219 0
470884 0
471185 0
471589 0
472177 0
476595 0
482850 0
486948 0
489092 0
493607 0
496543 0
497130 0
497580 0
499944 0
501100 0
501460 0
504916 0
507334 0
507856 0
509045 0
509569 0
509814 0
510557 0
510872 0
511531 0
512317 0
514391 0
515742 0
518913 0
521866 0
526144 0
533232 0
533771 0
534922 0
537087 0
537102 0
537627 0
541446 0
542265 0
542574 0
543382 0
543955 0
548426 0
550418 0
556229 0
556813 0
557216 0
559568 0
563122 0
574927 0
586726 0
589469 0
591954 0
595685 0
604396 0
608469 0
609946 0
610230 0
611495 0
611825 0
614050 0
614685 0
620854 0
621891 0
624007 0
625179 0
626311 0
626628 0
628800 0
639253 0
641383 0
641743 0
645523 0
647147 0
654678 0
664241 0
667934 0
668616 0
677690 0
678824 0
679373 0
691162 0
693677 0
698049 0
702786 0
706785 0
708741 0
710795 0
711400 0
717231 0
720308 0
722050 0
722797 0
724976 0
735722 0
744874 0
757576 0
758259 0
759991 0
772623 0
798149 0
808264 0
813681 0
814698 0
815133 0
815971 0
816661 0
831574 0
831851 0
833332 0
833456 0
835676 0
836067 0
836938 0
841543 0
844593 0
848660 0
851352 0
855227 0
859735 0
875574 0
885476 0
893470 0
895032 0
896443 0
896948 0
901537 0
906137 0
918323 0
919240 0
919518 0
921539 0
923444 0
928492 0
929227 0
929642 0
932798 0
935746 0
936140 0
936240 0
939265 0
940288 0
954185 0
955324 0
957405 0
958544 0
960725 0
962895 0
975959 0
985760 0
999276 0
1004539 0
1006759 0
1008624 0
1013531 0
1029445 0
1034800 0
1038237 0
1048147 0
1059265 0
1060928 0
1061198 0
1061949 0