678824
798149
918323
706785
962895
550418
409558
410485
410680
412302
415050
415233
418179
418675
418958
420120
420975
421734
421890
425620
428013
428127
430226
431031
431851
437452
443029
448059
448306
456871
458913
460094
38470
460489
461556
470884
471185
471589
667934
472177
476595
493607
497130
497580
501460
507334
507856
509045
510557
510872
511531
515742
533232
537087
537627
541446
542265
542574
556813
559568
610230
611825
624007
625179
626628
641743
647147
693677
708741
711400
717231
720308
724976
735722
808264
815971
831851
836067
836938
841543
921539
923444
929227
936240
958544
1004539
1038237
1061198
1061949
814698
815133
422645
423626
318239
440011
442299
445500
446931
482850
486948
496543
499944
463868
501100
504916
509814
512317
514391
403575
526144
433121
533771
537102
543955
288457
548426
556229
557216
563122
349165
574927
586726
589469
591954
62314
595685
417209
308746
509569
604396
608469
609946
611495
614050
620854
114714
621891
626311
628800
639253
641383
645523
654678
664241
677690
679373
691162
698049
702786
262590
710795
722050
543382
744874
757576
758259
759991
772623
464219
447131
813681
816661
27561
831574
833332
835676
844593
848660
851352
518913
855227
859735
124259
217592
875574
885476
893470
895032
896443
896948
901537
722797
906137
426379
919518
489092
928492
929642
932798
935746
939265
940288
954185
955324
957405
936140
960725
179708
975959
668616
985760
441897
999276
1006759
1008624
919240
1013531
1029445
1034800
534922
521866
48253
833456
1048147
1059265
1060928
614685
149754
149814
194323
11311
385096
83216
214284
130704
63543
59093
266209
125811
125919
99077
375631
186478
278038
197202
152758
119968
384950
232189
354454
81741
160250
311336
264559
21389
15656
373322
12406
209192
42087
42273
368862
387677
127294
141757
182492
34409
229275
28757
142319
259202
293735
20321
336427
122514
147529
406288
67465
354671
390274
51509
16643
239074
254118
80958
81016
278520
100306
45964
180441
36205
46170
255980
323693
295584
86023
138252
171229
41376
56250
36986
7280
7680
114896
290375
62554
227092
85567
221896
251802
261936
266665
16402
151164
27855
31246
195647
167081
178049
206221
250060
227019
76566
158244
369425
160764
304129
7820
31801
266339
246852
127656
320982
153145
228644
341094
103330
172750
132346
199611
111356
15141
116992
126578
132146
221404
231396
144171
347702
87604
154692
20614
15550
59500
355409
13816
74915
266447
21927
72063
239784
298510
207472
267570
395149
398731
80144
361428
157577
179815
133607
139854
165822
6395
139389
236918
319169
250752
92317
35678
35682
320106
265989
365670
39642
406546
132939
13235
13236
38527
99271
117833
97047
11788
112934
31942
173346
216299
247416
327982
79793
352441
284488
374182
315210
45053
199722
131033
41670
131884
159721
35024
41818
50572
280840
229444
330113
170071
184299
78081
88095
147058
163183
241426
373026
333513
328110
189088
343271
383553
334620
329640
318849
237907
171952
174459
405109
157769
173056
343430
22577
321450
13934
178633
33279
165629
66741
70013
66961
249300
108267
367391
168671
371433
79203
76208
366556
314633
87120
98083
152441
299689
23345
161910
307669
3544
198962
51029
191798
287819
245254
225372
95463
139696
150220
217894
80572
22830
195500
164799
104417
337036
109269
167449
166491
373661
375855
5251
60934
46893
47030
301904
406170
8329
59341
162198
26655
298390
15539
168263
346814
297796
106015
230526
386589
281342
212900
316135
81409
383048
394348
215012
344913
58850
59092
15316
61651
136692
163710
180922
198655
10770
224650
235511
114794
304938
361941
376392
117195
26882
32500
92769
158129
247542
310674
345327
54775
349103
286800
213965
154954
53703
10028
205988
247197
145129
89168
90595
300737
123419
39404
217472
363383
28796
266570
236093
258380
264923
398282
277480
70469
362521
23341
33796
378357
8144
24463
108718
199094
66299
54126
67152
211137
222020
368146
387898
127949
179445
283824
310541
286224
164601
398182
248712
149832
36106
328305
39988
36518
48277
30162
75125
141869
247042
327808
129682
238984
365513
77273
290893
178776
229764
229806
267494
376054
101072
86420
99576
157027
322729
407380
223487
224012
314244
240767
254544
130502
74689
251033
377873
189065
130116
166335
262159
299361
257988
387941
75954
323045
65838
66009
36866
295045
60389
1886
202072
125227
248946
372810
154314
290011
78769
34669
369028
126866
343019
212745
107300
298028
15223
28460
163365
407187
218768
319998
48477
160381
341829
265671
138970
226075
256701
96184
275228
41410
275887
169424
370586
162509
65358
42538
262036
269244
389987
329025
215337
13130
229186
252109
395534
105360
298601
321687
245863
190549
389039
280389
157408
194972
257783
0
205
564
1184
1742
2774
3182
3671
4356
4466
5025
6278
8620
9337
9431
9520
12001
12647
13551
15433
16327
17204
17397
17614
19346
19772
20438
21265
21801
23748
24317
24743
25488
28654
29572
31131
31500
31590
32126
33412
33497
33708
36005
36400
37268
38157
38634
39777
42820
38363
43045
43355
44443
44676
45496
45577
45675
45807
45906
48819
49681
50248
50683
52240
53448
53587
54462
55118
55330
57315
57705
57965
58323
59620
59810
62884
63410
63813
65558
65709
66010
66505
67652
68730
68967
70984
72103
72347
73508
73712
75425
75958
79025
79912
80868
82627
82838
84681
85431
85660
86280
86511
86877
87491
87771
88182
89280
89662
90178
90272
91051
91324
91524
30456
93571
93884
95042
95559
96337
96448
96770
23236
97921
97993
102417
104938
104983
105567
106200
107217
107533
108127
110367
112575
113541
115773
115882
116209
116838
118110
119787
120695
121122
121297
76782
122200
123075
124452
124536
125690
126179
127017
127207
128043
16813
128412
130639
131312
131716
132055
132819
133016
133323
133730
135308
135415
135460
135965
137584
139172
140159
140585
140697
142171
142929
143579
144774
145371
145455
145874
146021
147646
149652
149932
150441
150726
152177
152773
153022
154171
155395
155937
156186
156894
157222
158398
158771
159236
159768
159869
162321
164709
165114
165966
166207
167590
168705
169893
170923
172545
173211
175575
176122
176959
179084
179202
179361
180082
180721
181883
182977
183193
183363
183517
187363
188608
193595
193946
170048
196222
196928
198234
198839
199243
199459
203625
204005
204812
206330
207158
209002
209169
184174
210905
213201
213292
213386
213572
214456
214639
38398
214737
214755
215758
216042
217075
217693
218510
218590
218861
219017
219351
221263
222613
222783
224414
226917
228213
230330
230650
233164
234620
234812
236277
238182
239358
241988
243435
63934
246514
246595
250415
250960
251017
251258
251703
251902
252225
252612
129371
253000
253082
254053
255151
255858
257856
258082
259625
259965
260421
107639
248115
264159
264322
265546
267402
268915
268999
269142
269829
272119
272736
272852
274489
274690
275012
275376
279073
283104
286398
51975
289264
291633
291862
293854
293948
296986
299588
300094
300576
302074
73897
302693
73948
304742
305532
305967
306136
306250
306605
306830
178020
311718
312663
313525
315022
316530
316662
316764
317201
317431
319596
320466
322264
322387
324128
133380
324790
325911
326482
326983
327337
327445
328217
328575
329569
67211
332963
334273
337345
338372
338829
339037
339445
339720
341051
341260
342229
297654
343325
343576
344787
345938
347950
348688
349726
349829
349866
350772
351410
351834
352170
353039
14782
353709
354315
354831
55481
14880
358066
359429
359520
93845
362300
363601
369571
369704
369961
370316
372137
372931
373562
373976
375491
375966
376712
377283
378572
380224
140291
382463
383465
384547
384695
385242
390393
390525
390615
391468
391765
391916
393646
394713
394784
395446
395829
396090
396520
397267
397421
397674
398892
399082
400320
400852
401224
402264
402353
407543
408530
